   6119   1896   7187   7367    997   7690   1022   7613   8347   6874
   5522   8122   8730   3486    705   9823   9232   8463   3554   4589
   9675   5325   9970   4000   9407   5776   4276   2123   7331   7356
   8361   8305   5798   6047    427   9645   9439   8139   1091   5247
   7650   3211   6010   8100   5838   2627   1725   3760   3843   4776
   6137   6475   4977    937   7718   2101   3099   4281   4609   7751
   9819   3530   6097   9240    975   6248   7226   3768   2241   6031
   5584   7613   1348   1881   7475   5367   5178   8712   1641   9410
   6898   8157   8250   4824   3391   8242   6101   3472   3636   9722
   1087    775   8652   2371   5867   1337   2054   8885   1509   6204
