   6330    837   5124   5672    612   7512   5661    743   5945   6953
   4058   8229    732   2918   1622   4562   3294   2662   7597   2723
   3837   2969    669   8055   9873   6129   6826   8611   2427   8880
   3779    289   4281   7720   4830   3906    703   3941   7332   6905
   8987   7314   3170    731   1410   2689   8405   3185   1697   5480
   5010   4680   4655   3745   9603   8665   6560   1037   3035   2862
   5024   4822   3721   1034   8606   4303   3175   9000   6238   5729
   7827   7618   7312    544   4687   9496   2367    344   6008   7408
    924   1287   2465   9904   7603   8076   3473    745   4514   9829
   2527   6797   9181   8123   5684      5   7032    718   4783   9166
   9430   2790   7397   7747    906   1266   8959   6408   5747   9631
   7854   5899   5788   6843   2363   4305   7611   6467   4645   7011
   9263   6562   5801    112   3251   5935   9442   1419   4236   4619
   8057   8055   2180   2963   7568   6201   9921   9717   8368   7167
    184    244   8053   5351   3036   8655   2982   3619    796    588
   3155   9238   6629   4889   3814   7106   7691   6010   9739   8143
   4942   1038   1137   3682   9556   7319   1890   1803   4146   8133
   5570   2191   7804   7642   1005   6032   2420   7551   4654   1548
    568    123   8496   3158   4431   8319   2007   2545   1099   7780
   9394   9443   2675   5811   4276   6775   2419   5308   2671    892
   4047   5874    394   9509   8999   6902   9800   8994   1710   5123
   6402   1923    132   4610   2531   9263   9914   9136   1878   3624
   4425   1532   5304   7647   2252    772   4116   8779   7844   4811
   6018   7521   9992    990   9929   3073   7822   3984   2627    548
   9530   1778   8065   6207   8417   3174   3196   4922    990    959
   8716   2954   4616   3811   1225   5043   6859   4594   8558   8273
   5030   2547   8115   5890   3633   1619   3607   9334   5146   1019
     61   3657   9486   5622   3385   2930   1907   7673   1415   4464
   4221   5734   6328   7665   2753   8834   1878   3938   3104   1739
    934   8612   3186   9899   9297   3786     47   6418   9863   9807
   8281   1125   2458   2353   8442   5568   8067   9807   8311   4812
   9388   7988   2433   5444   7964   1103   3204   4557   5422   1685
   1154   4957   3699   5013   5961   9655   9869   1428   3116   4305
   6242   1902   7776   6717   2474    469   2415   3172   9324   6780
   1389   5341   7323   6007   1161   9821   4191   9061   7782   9987
   7239   1476   4442   7412   8264   3423   7373   4432   1640   9743
   5352   7991   5812   9907   1753   8938   9758   7074   3963   3445
   3550   7495    281   7976   9399    195   6308   4041   1206   9692
   6740   5075    514   2344   9709   1598   5425   5669     15   5009
   6445   1947   4104   1011   7529     89   5846   7917   7117   4646
   1941   6995   9708   1710   5740   2570   7170   2065    637   3996
   8746   1044    530   2358   6533   6505   2436   2040   8756    576
     25   7180   8806   7154   6963   1181   2415   8000   2266   7324
   3030   8680   7495   9614   2394   4042   5122   8493   1678    932
   9887   8389   5219   9174   3138    666   1284   6927   5200   6887
   2287   5588    163   1103   1907   1538   6155   3896   5248   9927
   8120   8732   6194    546   9252   1563   7484   2070   6862   9112
   7186   5042   2485   6824   4064   7575   6199   5845   5946   5980
   6178   5445   4298    707   4889   6071   6122   1517   5853   4453
   7854   7617   6037   9705   5358   6537   3181   3270   4816   4444
   3209   4645   2563   6733   5695   2115   4689   4503   3098   1951
   6336   6384     66   4016    150   9188   2487    379   2963   1326
   2662   1788   3708   8145   8285    120   8010   4402   4798   7079
   1871   9931   1941   4266   5908   7100   2219   3289   9886   7441
   3332   2627   6252   5851   4897   4021   4903   1128   6580   5024
   9465   3120   9019   1810   6234   3412   3128   6441   7017    748
   8139   3754   9225   5967   2093   5015   3108    956   9552    201
   2061   7572   5801   2961    271   2500    783   6334   2876   3804
   5210   6740   9598   5704   9261   3162   8422   5328   5245   9493
   8714   8586   8163   4579   7024   3894   7086   8883   5962   1352
   5045   4097   6952   3452   9196   8350   3615   9711   6116   6825
   1183   9091   9818    640   8192   5796    698   1004   7715   7417
   6302   5441   9512   6835   1484   7668   1615   6375   2947   7263
    564   5413   8476   5048    413     20   5534   5427   2548   2292
   3062   6031   9187   5538   3921   5335   8217   3674    510   7449
   3801   2670   7438   1836   1809   6217   6805   1946     57   5156
   3922   6172   3104   1325    819   6407   1094   1499   4481   4754
   9174   2615   1570   2112   4028    172   4304   1919   9003   2432
   9249   8959   1677    977   9805     46   4229   1364   3766   4323
   4288   4677   3698   5178   2318   7685   1610   8725   1441   1200
   1328   6074   6778   2268   7421   4273   4144   9149   8229    111
   6225   4790    661   9880   8113   2254   1270   8007   2767   5638
   1971   5053   2075    278   7176   5001   2460   5045   4095   4433
   7764    547   6819   4821   9055   5260   2986   2637   3123   6554
   1582   7236   4412   2428   3920   3948   6066   4451   2179   8846
   8844   9506   9450   3126   3960   9073   7849   9829   9753   3540
   6818   8242   3870   3354   5389   3283   8803   4122   8335   2759
   2047   3112   3032   4390   4382   9207   1138   5674   2477   5105
   2041   8744   5670   1639   8218   2995   6990   9621   2068   4144
   9941   3715   3046    972     96   5144   2594   6188   4751   9108
   7724   1902   3744   9881   3871   4847   3723   8504   4100    208
   1357   5190   3171   7519   3611   1454   9744   9256   9697     70
   7325   2664   8234   6619   9245   5423   7484   9305   9359   7269
    443    851    601   6229   8705   8714   7550   4474   5342   2838
   5772    415   9772   5423   2093   2177   3866   5983   6463     13
    187   1418   6356   6891   5608   1324   6637   5114   9463   6709
   1260    759   2337   1362   9582   6078   9741    843   3305   1164
   4894   4448   2627   4586   7516   4873   8415   7859   2227   3938
    601   1341   3891   7128   9996   2698   7003   6397   9213   2462
   7071   1083    365   5445   1531   8498   7694   6401   6721   7491
   7385    503   7300   6596   2230   8709   4430   6263   4117   6522
   7396   9924   4792   9940   9698   7326   1685   2916   7956   4119
   6919   6660   4343    504   1611   6823   6806   4031   7319   4710
   9544    208   6800   6797   8964     46   6919   6197   1921   1432
    812   4072   9981   9522   2677   1076   8899   8339   1735   3067
   1040   4415   4222   3100   2503   4153   6995   1807   6039   8323
   8927   5264   6958   2696   2757   6092   6493   6025   4878   8518
    549   9302   8503   8908   4448   8183   7047   3668   4090   2031
   4836   3170   9662   4685   6499   8296   3245    368   3220   1540
   7339   8125   1507    770   4680   4976   4513   4041   7952   5957
   1488   6442    792   9267   4407   7347    679   2079    634   6955
   2486   4185   8396   7936   5924   9363   6566   8968   3468   4759
   5638   3595   1737   8819   5436   1896   3037   6447   9771   5759
   4798   9249   1746   5856    893   3408    604   7277   6404   1179
   9687   6461   1266   9029   3036   3050   7914   3784   4783   6615
   2776   5406   8751   5438   2421   1931   4912   6396    241    199
    238   8961   3752   2603    365   4206   9474   8304   4984   1361
   7656   1618   5464   8353   5255   4330   5003   9832   1563   5689
    875   1558   1924   3358   2502   2546   3943   4434   9704   6042
   2015   3067   1042   4330   9857   5797   3441   3078   1054   8354
   2548   2647   1674   2958   9577    970   1879   1594   8085   9662
   5687   5222   5161   4010   6626    775   1446   5687   4315   2821
   5907   7411   8942   5917   2750    745   9480   4748   3064   2999
   2586   1824   7904   9216   6249   9480   4588   4789   1624   6358
   3766   7350   6261   1554   4096   2516   8132   9580   5486   1273
    723   6297   9180   9397   1251    694   6153   7242   8729   1112
   4570   4370    318   5762   2877   4408   9948   5807   6387   9006
   4188   1427   7203   7369   9708   6906   6793   5744   5999   9392
   6134   1388   6567   9497   2807   8263   4470   7689   4904   1922
   6506   7516   3563   5870   9256   4728   2647   4999   7182   7122
   4969    797   6975   9683   4059   4863   8579    894   8012   1659
   8138   8050   5920   1634   7939   8563   2923   5225   8295   3826
   6749   2841    381   1991   4519   5336   5540   7288   9151   9711
   6821   2641   1179   8510   3516   9348   8457   1094   4104   6498
   5746    545   2555   5606   2765   1308   7684   3007   5977   8921
   1073   3242   4693   5343   3423   5433   4965   6507   8817   2168
   7205   6757   8242   8428    838   5988   7331   9825   9648   1010
   4861   4768    583   1738   6359   6219   4393   7155   3148   8346
   3352   6759   6970   7307   7283   1377   4875    300   1759    355
   2801   9506   6794   1130   8839   7146     96   2955   4218   7399
   8215   2654   4407     95   8077   2131   4884   9788   5050   6291
   6255   8189   1891   4283   7706   3788   9883   1013   6526   7141
   6105   6514   4746   8597   9742   6758   2131   6629   2342   4383
   4135   3610   7881   2873   7124   2112   5004   3059    179    472
   9608   2197   1445    769      9   6036   3295   6501   1402   3350
   8748   4962    667   6628   3662   8149   5650   2090   2582    642
   6906    679   9938   8730   1552   9612   8832   3425   4929   2187
    663    701   1616   4622   8596   2324   6026   6597   7338   7801
   4610   4873   3252   7326   2258   4143     64   7195   8531   2100
   8931   2151   2992   8421   8380   8991   7702   8426   8225   3462
   3435   3217   8587      2   8675   8325   9073    699   3684   6760
   1851   3646   6654    878   3406   4381   4535   9164   7605   8530
   6968   6910   6833   4591    654   6674   6874   1012    487   6073
   2567   1826   6399   4261   3913   7718   8094    474   8331   7364
   8790   5669   9285    470    568   5921   7617   2219   2033   3950
    497    210   9650   2588   4245   5073   7010   9096   7268   4713
   7541   9914    537   4596   6843   9347   5982    550    431   4780
   4810   1246   7806   5500   6176   8821   3242   3670   7613   9217
     21   7199   7497   7405   3408   3863   7706   1414   4240   1632
   4315   8691   7838   7566   1928    142   9014   9615   7950   2404
   6414   4816   1153   5710   8637   5750   1908   5654   3886   5781
   1354   5481   7791   1564   6991   1832   8220   3724   8205   2693
   5982   5998   6466   5663   5142   3927   1902   7370   6357   2889
   1091   7484   2845   3549    694   1041   5448     98   9589    768
   8448   2768   1941   4017   6193   9969   2827   9439   2062   7579
     22   3054   4447   7172   9206   5108    438   2136   7860   8744
   5643   5087   8188   9937   1351   3071   3616   5320   3027   1272
   2067   5576   7114   3960   7985   8169   3334   2552   9662   3011
   1136   9046   2322   5938    674   2994    717   4914    476   1903
   5106   7822    234   6293    488   6661   8720   4292   1542   2950
    998   6913   2701   3386   8841   2561   8886    786   9782   5512
   9629   6195   8930   2905   7972    990   6571   4614   7478   4462
   6932   1271   2467   1058    592   2888   1629   3069   8012   2064
   4450   4688    749   1365   7030   3057   7394   2447   7914    154
   9859   4314   1613   7194   8013    240   9282    888   7962   4313
   4805   8791   3197   4665   9872    966   8089   7509   3561   1963
   5978   4962   4384   6387   7958   3690   1868   5767   7576   8485
   9685   1911   1344   9313   9255   3889   5898   3351   9382   4014
   8395   4157    479   9470   6535   3869    136   5119   6643   2930
   8369   2754   4940   6889   1547   7172   4177   1639   4713   3574
   7144   5433   4372   1389   2855   9403   6832   3855   4717   7093
   6350   2808   9208   7851   7551   6034   5274   7384   1040   4938
    241   5397   6317   3790   5724   1187   2441   6820   7168   3919
   7495   6326   4226   8252   8391   7187    217   5483   2259   2669
   2323   8900    324   3782   4034   4441   1268   9380   4466   7454
   6440   5563   4613   5000   5056   4476   5554   8144   6152   7833
   8720   5823   6382    388   9859   8370   8722   6770   7268   9799
   7974   6601   3007   5244   3357   3723   5888   8381   4645    487
   1895   9149    270   6589   9561   8157   8718    555   4916   7677
   5344   7794   8053    500   6443   5195   7623   5582   1566   2779
   4653    942   6877    418   8573   8928   8587   7055   7114   9358
   6592   9997   6734   6603   3226   9141   4344   8707   9262   1771
   8876     94   7479   2734   1117   5170   9774   2131   2101   4816
   3029   8709   4116   6274   1884   6417   9034   1678   7403   1986
   8751   6897   1847   4220   8554   2897   8183   2741   6367   1632
   6618   9540   3635   8408    242   2311   9724   2983   8469   4403
   6483   1721   1570   6384   3892   4217   8456   1738   1567   5541
   9090   5207   2245   9981   5548   7237   4792   6531   8802   5910
    303   8037   2158   6497   3352   7112   9278   1315   6004   6141
   2083    818   4317   4697   8233   6456   5425   5030   1830   3734
   8020   6924   6895   9057   7924   1454    700   9430   1173   3684
   8438   7077   4727    111   4642   4451   5380    396    148   2982
   7765   8347   5748   7395   3545   7315   6540   4390   9585    937
   1891   8373   7008   2035   4974   5667   3740   2172    770   6866
    603    735   3828   3965   4954   2086      3   6319   3109   2644
    492   2812   5511   5349   7541   1296   5715   4032    685   3697
   5815   4193    161    368   2466   8188   4942   3542   7600   3627
   2021   4438    815   9410   7496   2203   1304   2252   7328   2301
   5128   4667   6914    526   2962   4294   9599   3668   1724   6291
   8135   6749   3920   7650    760   1077   9392   9623    130   4312
   4712   1385   3133   8850   1010    619   3364   8252   5145   8824
   9697   9440   5164   1177   2104   3603   6624   4867   8036   8976
   7969   1907   3194   4431   9815   5420   2907   8144   2374    252
   9442   3499   3770   9075   4490   2710    919   7223   2653   2057
    882   4264   4383   1259    425   2923   7717   6300    967   2392
   1814   5919   2214   6435   5978    189   4486   5457   8472   2907
   8707   6178   6846   8781   1838    561   5319   8959   5181   8672
   7729    839   9942   3458   4236   6037   3885   3247   4355   8660
   9475   6385   6226   1657   5113   7814   5519   6107   2146    674
   8984   6372   4244   4644    947   9693   3376   1118   5765   4900
   6481   2434   3101   6862   1243   1364   5777    416   3396   4040
   9890   3675   4478   8996     85   4969   6689   2994   9362   4944
   6868   4620   5027   2964   5974   8497   8626   5323   3158   9397
   3639   4410   2926   4153   1677   8940   5719   2986   9039   7461
   9484   6625   2290   1771   6010   5725   8530   8042   2224   4677
    960   7874   1586   7785   9834   7591   1011   8170   1436   8697
   2323   3663   2943   4994    500   1476   3504   4239   1075   9093
   6713   9997   3136   9946   8711   4521   1039   9193    122   6619
   4608   4786   7226   9268    811     56   8952   5733   2317   9177
   1786   4991   9391   8282   8143   8356   6606   6531   9197   6479
     33   6930   3461   3207   3281    531   5344   4615   9065    953
   3216   1939   4018   3307   4970   1347   8375   6947   9920   3176
   4492   4461   9815   2180   2266   7674   8639   3647    269     33
   9010   7029    381   1901   3521   1931   3261   9750   6192   9792
   9166   8503    294   7368   1460   7011   2739   8541   4669    924
    108   9277   8969   4418   4817   5522   6767   9431   3157   8979
   3411   2987    838   2402   2763   2685   1072    907   5402   9187
   2607    950   4990   4520   9999   8407   5901   6727   5210   4891
   2042   7063    325   4623   9782   3286   8329   3970   8328   6474
    155   5115   3546   9439   3291   2044   2851   5239   8899   1349
   5084   2731   8076   8386   3279   6035   2951   1561   6354   6576
   5653    570   7627   3234   5580    126    307   1689   8698   5669
   1219   4210   6589   1601   6473   3726   1949   9866   5521   2298
   5629   9338   9246   6831   9532   4888   1939   9001   2598   5580
   2285   1755   1449   6770   4840    948   6872   1529   5335   8147
    412   6972   7764   6154   7926    885   3547   2946   4343   9749
   2318   3361   2282   9025   2798   6934   8665   3774   9536   8565
   8273   3646   6315   2527   7676   3903   1773    224   1696   9087
   3051   8322   5462   9452   4092   2463   8102   2239   4772   3423
   2881    601   8837   8599   8479   4473   7895   8893    826   9042
   1693   3197   2788   4767   7921   2522   3247   6555   5626   7718
   2934    500   9727   9555   4738   1017   6880   8512   9153   1570
   2738   2909   1739   4315   2244   7469   9540   2088   7440   3461
   9691   6812   1556   1315   9554   2449   8333   6909   2456    763
   3522   1015   9121     96   6932   8391    877   6023   4543   7974
   2374   5769   5041   1510   3284   8042   5526   5946   2158   4343
   6708   9376   2692   5687   4006   3909   1665   3073   7516   3362
   6982   1141   5677   2455   3093   9179   2528   3408    703   8988
   2579   5932   5465    822   2294   7849   3217   9343   9808   5871
   3628   7752   2865   3257    110   8422   4960   8077   3090   5803
   6024   2835   3319   7731   4399   3362   5673   2071   4688   4182
   5897   3635   7042   5423    145   1339   8790   1814   4163   9330
   5492   7651   6997   4804   3688   8089    186   4101   2377   9163
   8161   9536   4184   5785   4315   2204   8093   4135   5660   2278
   7111   7146   2749    213     74   9844   8913   8024   4590   8344
   7473   8199   6184   7677   5585   9571   5757   4281   6833   3188
   7551   9114   2671   7703   8810   1383   2469   5797   2174   9426
    620   8550   8260   3351   3299   9796    898   9286    186   8157
   2346   9399   3479   2399   8311   7005   9188   8365   7614   1974
   5502   2020   9186   4455   4263   6962   9850   5818   8934   9340
   1247   4498   9787   1638    229   6839   7150   9464   1548   1151
   6760   1916   7128    636   2049   4205   9833   4250   7560    381
   8721   9591   5831   4412   5160    490   1848   8477   8292   6781
   7934   6019   4019   3500   1452    347   8514   1197   1507   1281
   1716   7353   3222    635    996   9417   2667   9260   1994   3916
   7678   3902   1290   8385   2451   2701   5427   8843   6403   3602
   5009   3862   5310   9898   7904   8355   7703   1480   4536    962
   5547   6400   9919   6823   2445   3568   5815   1225   6907    182
   4408   6855   7765   9335   4757   1639   5233   8504   1595   9594
   9210   7975   6129   4615   5135   8269   3183   4893   6321   1220
   8547   2783   7270   1905   5379   5162   7860   7606   6654    551
   8845   4975   8440   4069   6688   2038   2047   1959   8699    318
   2388   7814   6222   1023   3074    735   4644   4996   3700   6917
   2618   5585   2120   1946    431   1176   6706   9022   9068   6054
   2846   9686   2614   1012   7589    490   1123   4066   7977   4304
   5125   7661   9457    526   8284   9702   4877   4122   1464   2437
   5024   2781   4250   6070   7367   1819   1864   6496    304   1888
   5301   7198   7543   4091   1058    646   9327   7426   1823   3054
   5781   5512   8378   2573   3255   7505   4333   8163   5679   6739
   8085   1719   9143   8890   8070   7510   2565   8659   3645    435
   6582   6161   5901   9798   2859   6151   2044    808   1865   7573
   1850   6924   9948   3234   7212    308   7726   5148   6763   3222
   3495   8774   8639    558   2392   1972   6784   8991   1341   8833
   2976   4719   3794    826   9729   8422   7159   4511   6939   7920
   7608   3437   4961   1984   8256   2959   6704   1059   2421   1528
   8703   5252   3075   6917   1892   8357   5720    931   8721   4384
   3027   2417   8490    551   2866   4399      1   9875   4781   7561
   2513   9434    486   9405   4898   9512   6961   2348   1735   9301
    763   2429   9282   7488     46   1458   8078   7792   9790   3798
   6338   2756   4983   8187   1697   8996   3502   7647    144   3157
   7906   7234   9240   2787   4189   1910   7993   2572   6760   4169
   2865   8897   3130   2817   2891   1815   7049   4571   7764   7392
   5012     36    492   8415   4502   5506   2685   5482   6039   2660
   9834   4236   8770   1707   1447   5720   2711   8555   9330   4977
   1907   1288   9495   6338   6113    795   3778   9297   5341   2674
   9297   2696   5881   5837   9711   7659   6364   4438    454   5956
   1411   6935   5214   9046   4020   5759   3292   4532   1800   4261
   3247   7903   3780   8672   9101   7152   2326   1241   8375   1381
    540   2060   7214   7847   4519   6367   3724   8324   5282   9067
   8596   2896   6858   5421   6115   7621    432   9020   9810   3184
   3717   4786   2126   8069   2341   4300   3245   1458   9061   9844
   1882    577   8013   2846   2401   5818   3184   3088    897   1293
    780   9072   8700   1985   7667   4391   7482   2270   6499   8137
   1656   3493   6139   3602   6939   1480   4709   9725   4902   5344
   4338   2580   9915   2378   9252   6701   4784   4832   7065   4353
   7279   9548   4345   1329   4410   2810   7243   4857   4627   9501
    645   7400   6472    373    634   6650   2353   3486   4730    567
   7336   8231   2292   3495   9745   3954    534   4473   9364    256
   7127   1085   5387   7099   6948   2919   3730   3380   2195   4158
   7425   5979   6310   8552   8712    809   6862   3107   1477   4406
   5474   2478   6358   8148   6526   9514   9180   8372   2575   7599
   6366   7429   5826   8891   1416    133   1931   9444   5650   1346
   1022   2834   6267   2458    568   6384   9264   9465    589   1371
   4692   3557   3815   3874   2556   7227   3829   4067    299   6603
   6657    989   2062   3138   6041   2603   3777   4939   1477   4737
   2414   3195   7228   7080   1619    691    623   7760   5597   5376
   3184   8978    198   2000   4199   9905   1152   8788   2173   7219
   6146   6081   4399   7601   6377   6941   1870   8320   8999    151
   6315   6942   3971   3328    859   2259    671   5148   1751   4849
   8558   4238   6516   9317   5473   5290   5564   5323   2331   5153
   3822   3055   5375   6596    320    778   2753   5385   9411   7894
   5274   9931   9004   3351   2295    602   3889   3559   1257    357
   9965   5455   3423   9652   5664   2772   2045   4935   3797   9114
   9210   8111   1662   8813   7764   9004   5906   8823   2127   1325
   1050   1415   6017   6800   6259   4767   1063   6828   9285   3543
    202   8820   9273   9138   5949   7369    178   1004    660   6190
   2574   6951   9933   8038   4858   4428   7177   3365   7042   8920
   3414   8729   2333   1114   5261   7991   7465   1782    956   8020
   3428   4692   7938   1961   3670   5173   1672   5309   7345   1988
    271    315    254   1226   4816    351   6675   7002   7489   7300
   1358    650   5450   7398    757   4813   6739   9364    148   5848
   9811    224   8510   3071   3296   2658   7392   4723   8621   9193
   3504   2360   2678   3170   6233   7319   4970   2753   4788   9351
   5941   9028   9945   1999   8089   3104   4560   7670   8521   4946
   6366   8581   1570    200   2503   9087   2482   5547   7821   5361
   5370   7168   5254   1602   8399   3601   6513   4799   6470   5083
   6906   5062   4734   9045   7995   1308    528   3977   2853   2395
   8691    347   8161   2696   8989    697   2239   8864    320   1079
   3475   5622   3574   1565    823   1443    776   2833   7662   5930
    813    464   2579   3948   4281   6474   4539   6955   9849   8127
   3659   9860   7081   9708   2335   8012   4649   3721   3060   6372
   3588   7771   1490   3993   1611   9142    242   1783   9223   3650
   4718   2272   8203    113   5048   4527   6781   7737   7376   2984
   5229   6956   9633   7166   7033   2811   6950   2253   5722   2086
   6272   8267   9787   9873   8106   3186   3279   8471   6251   5573
   3892   4843   4341   4350    863   6297   2443   4815   3553   2553
   9770   7208   7601   9187   5357    271   4233   1018   9763   6919
   7547     27   5806   8473   9019   8477   2311   6763   5436   7377
   6108    718   5224    684   4558   3662   3910   4214   9547   5383
    600   9088   3403   1027   8148   5333    723   4083   9809   7559
   2597   9532   8876   1015   9538   1237   3437   9043   6144   3140
   8614   7525   6203   4095    231   2498    258   6672   8860   6748
   5220   3903   4251    623   7275   5453   3843   3393   7486   8196
   2089   4563   6078   9373    668    974   4554   7080   8737   2957
    339   9326    820   7490   7076   4700   5195   2112   1044    640
   5777   9738    392   2458   5552   8250   7614   6689    228   8152
   8235   8493   2046   1260   6081   4846   2317   7112   5488   7233
   7980   3907   2870   5164    565   8208   9663   8389   5664   2138
   3320   9848   8034    130   3301   5331   9989   4538   6888   7414
   1756   6453   5867   8581   9561   5776   1090   2244   9344   5822
   7321   5713   4778   2478   2335   6284   8918   4835   4032   3333
   1785   2884   2071   9435    991   8803   5813   3745   3351   1635
   9082   3956   9926   9737   8137   4495   1792   7587   3868   9814
   9596   3606   2325   7216   6221   9801   4250   7561   7615   5731
   5157   8083   2514   9765   4216   3358   4855   3196   8053   4221
   8696   2489   2507    181   6343   4156   7973   4486   1781    907
   8294   9557   4003   9661   3045   1654   2013   9421   8497   4211
   1438   4115   8546   8827   9413   4187    653   4122   3045   7192
   4118   3915   2624   7525   1510    993    386   9518   4115   8916
   8168   1389   1004   1150   2748   4662   8358    250   2768   5566
   7045   4459   6157   5325   9726   2363   2422   4412   3537   6663
   6319   2381   1867   4305   7387   6020   6240    417   3395    556
   2262   3653   9884   5860   6610   2027   3340   7520    314   5130
   6165   8608   7542   5110   6501   2519    990   8824   8941   7247
   4348    314   7657   1342   1192   1855   1245   1349   1823   8268
   6964   1214   3389   3062   9790   3781   7237   6434   9348   3602
   3540   9452   6443   7959   3535   5518   5504   4804   1436    640
    665   7124   8261   1758   6077   2796   6879   4383   8888   5170
   6144   1913   9830    238   9967   1760   9134   9643   9299   6948
   8439   8838   9616   7292   5926   4805   5806   1303   2809   3300
   5339   8072   3209   8580    887   9236   9617   6193   4692   1797
    616   9163   2814   8704   8873    291   2964   4884   2527    779
   6164   2882    517   9457   3508   7811   1538    682   7165   1767
   5930    151    154   8901   3489   5636    751   9826    420   2344
    969   8306   4751   6699   5905   9330   7127   5206   8395   4527
   2659    836   4911   9024   3070   5533   4953   8607   7524   4838
   8368   7014   9970   6534   7011   5205   2497   7744   1043   9057
   1071   6644   6015   3233   8794    560   1448   7100    662   7100
   3070   3615   6621   2350   2134   5487    864   2810   8757   9673
   8921   6412   1728   8759   6053   7292    348     92   7963   5219
   9692   2506   4118   3097   8858   7480   2259   6344   7541   3381
   5620   1617   2995   5439   2458   6567    165   4220   9103   2518
   1625   9204   1300   1151   5280   2479   4531   8234   3204   4133
   7690   6551   1883   2910   8088    934   8453   9675   6635   7179
   3873   4234   3062   6708   1031   7980   3668   3418   3355   7648
   2024   4719   6309   9436    681   4538   4137   3203     88   7969
    562   9664    102   4648   1974   6665    368   4109    994   6387
   4966   5187   2959    611   8716   2705    876   8630   7094   6615
   6933   1380   2855   1805   3886   1738   1311   9455   5563   7387
     22   8740   7853   6359   4954   2862   5694   9432   6069   1308
   4696   4106    633   2676   7690   7081   5270   8586   6577   6365
   2938   2626   3263   2711   6558   8101   8088   2248   9937   1330
   9649   2669   1269   2806   2762   3092   6018   4685   3914   1211
   7425   4089   4923   9543   4169   2190   2694   4124   4829   2640
   3168   2155   7158   3687    667   6868   7110   8059   5110   3595
   3203   6745   5809   9455   3768   1546   8524   7908   4430   2168
   4016   3672   5515   1865   3113    613   5113   7843   9333   2121
   8664   1471   3851   2661   2817   5209   4412   1706   5957   6372
   6550   1402   7857   1618   5937   1994   7808   6392   2612   5876
   8750   5908   9178   2156   6171   1846   8638   4148   6563   6605
   5096   4157   9214   7076   7235   9001   4834   7794   8672   2234
    860   9259   6232   2638   3021   8159   1812    754   4067   6720
   6906   1360    955   2183   8937   4742   8229   4755    803   2219
   6937   9785   7637   3186    956   9098   5923   7217   4253   9392
   2226   8850   5327   8780   3846    335   7927   6090   8088   7962
   7618   5890   4348    267   8620   8490    805   9639    703   4495
   6425   8341   3343   4473   9027   8512   3023   1477   7175    646
   7495    495   5655   8061   8441   8286   1956   9132    625   3703
   5864   8136   8297   8941   4405   8310   3554   5719   6348   2265
    716   7244   5410   6472   5325   8344   5170   8721   4370   6365
   5501    319   4564    549   8090   3746   7434   3008   1917   5556
   8507   9521   6066   1246   9799   3743   5017    812   2943   7661
   5160   4866    365    279    896   9384   7063   2325   3833   6587
   1187   8778   2074   5697   9637   2653   2795   1918   1649    199
   4739   8098   1374   7980   1268   9294   8790   5893   9187   5366
   3783   7146   3278   9001   1168   3949   7887   6154   6270   2391
   4181    428   2677   6924   5492   8673   9024   6307   3893   7674
   7686   6549   4029   3113   1568   9937   2080   7125   8580   5490
    646   7116   6667   2184   7920   9496   5873   2817   6473   1128
   8372    801   6507   2689   7511   8508   9950   4238   5185   3709
   2999   3500    174   6704   5461   8866   5078   9298   2520   7137
   5405   9741   7318   7903    760   4476   1423   5992   3661   1022
   1437    408   1068   2295   5556   1816   4403   2230    502   4931
   6536   9918   2752   9748   1053   8516   7243   5471   7613   4473
   9913   4557   2429   1684   8105   5440   3385   2697   1989    724
    562   8386    631   1403   8408    729   4036   6099   1267   8913
   2065    936   5971   5491   1844   5466   3993   9987   1361   8727
   5319   3859   8008   1379   7444   3158   5333     17   3967   9209
   1047   9143   2765   1268   1895   6233   4685   8590   3971   7132
   6412   4671   3439   3387   4093   1405   2761   9251   7829   8139
   3155   3519   3632   9825   5687   2936   8783   1242   3150   3327
   9927   4149   3186   7278   6216   2045   8166   1863   1573   4871
   7679   7845   5159   8445   2901   4914   1162   4359    460   6775
   8281   8542   4335   3277   9188   3560   8335   1060   4933   8427
   9515    650   7496   1361   4788   5667   3278   5452   9050   4086
   2420   6820   9229   5965   2658   6328   7807   5540   3248   4884
   4831   1001   9778   4705   6413   8419   3552   1572   5878   8787
   2371   6250   5156    911   6580    182   2127   2630   2518   7784
   8488   8251    307   7458    289   7316   1128   5520    520   3664
   2861   5303    931   3235   8167   2289   1248   7189   7392   7821
   5057   9578   6581   4259   7173   9588   3131   7439   9184   6201
   7717   8711   3070   1742   3814    659   2200   9791    132   2397
   3018    827   3276   5763   9325   1639   8262   4762   7832   5475
   9076   4333    462   8071   7062   6100   2794   6337   2472   9523
   7026   7042   1013   2286   3842   2115   7069    395   5616   9821
    189   3959   8411   5790    501   8546   3136   5304   6523   8127
   9855   5351     45   4263   7710   5348   3427   4104   8280   7549
   5888   1520   9783   2046      7   8981   8193   5428   6428   7553
   9030    537    503    731   6387   7152   2612   3601   3106   1044
   9588   1266     27   8360   7765   5044   3814   4167   3904   9410
   4301   9449   6585   9579     45   4228   2177   3770   7390   7619
   3578   5669   8513   5075   1616   6704   8723   6789   3568   7605
   7777   8921   7429     92   9908   3348   2305   2398   3346   2365
   1268   6922   8057   8217   9989   3510    859    161   5344   7871
   8365   4995   9469   4218   7380   6336   4765   3401    826   3995
   2298   2177   1702   4158   2359   6828   7082   1116   7314   3916
   6551    467   6926   1051    782   1157   9184   2035   4552   7858
   9676   5473   9066   3545   4653   6598    287   6052   1483   7808
   1746   6767   3110   7186   8754    941   6333   2521   3028   7305
   7795   2440   8009   4817   6677   8377    988   9123   2590   9928
   2326   5939   9931   6212   1724   5834   9943   4649   5094   4554
   9336   8106   9214   3223   9790   9480   5572   5275   5184   6820
   7305   7918   8612   2163   7732   2821   5135   3265   5686      6
   8363   7235   8591   4264   7145   3198   6024   9317   7171   1531
    757   1937   2646   6434   9419   9662   2601   8362   9078   6000
     67   1513   1946   1999    290   6123   3907   8958   3394   1893
    515   9221   6299   4045   8162   2163   6889   2554   8603   5912
    239   3241   2469   4665   6756   4191   2877   8749    549   3821
   8315    666   6915   1826     10   2198   7137   4833    654   1338
   9615   9820   7324   3924   2776   2669   4522   1320   1148   3248
   4540   6714   4703   7972   3337   8840   5646   8054   8207   3846
   4981    437   7199   2747   7289    471   5411   8323   5827   7879
   8006   1669   5956   6394   4357   2646   5292   6377   5694   3070
   6264     18   5738   2665   8732   5689   9641    483   3646   4851
    424   4467   3703   1444   2142   4726   3056   8376   3244   7701
   1551   6666   5839   8371   5808   3178   2298   9157   1630   2382
   6940   3519   2415   2358   2834   6181   6755   1318   7881   8801
   8414   7662   9220    554   4316   7403   6872   3085   9293   3423
   8724   5355   7284   6955   8413   7861   2141   9233   9743   3912
   3359   7197   3731   8849   6996   5074   7719   5569   7666   2387
   1732    665   4290   7105   3345   4699   6521   9760   4781   4412
   6790   5358   9279   5238   3229   5721   6050   1617   6657   4675
   5637   1227   5548   3591   9951   5323   6441   7997   5345   2495
   9952    279   1297   3376   4298   7013   2383   1608    463    609
   3207   2351   3334   7124   1023   7035   5694   2547   7427    349
   2142   1559   4774   5128   1320   9404   6890   8920   1385   3602
   7234    149   8722    115   1764    156   4637   5297    893   6593
   2458   7843   6259   8831   3526    791   4702   5612   7227   9513
   8481   7632   6186   8822    285   9913   8942   6888   3794   4930
   5001   9600   1599   7627   1237   4821   8023   2927   4131   1792
   4186    726   4680   9172   6485   6698   8966   5158   1855    273
   1943   9868   5042   6454   8622    951   2859    909   2192   1823
   8694   2471   2593   5716   7829   7102   1179   3582   1860   3063
   3006   6608   3305   7690   1152   5197   8176   9728   2207   7444
   1954   7665   2101   8357   8975   5731   9254   1120   4347   1002
   6407   9978   4986   2091   6458   7571   2851   8787   7754   3968
   6688   4679   8725   2809   5303   3615   8765   5014   5331   1971
    585    327   4006   5584    967   4502   4888   9745   5114    244
   5952     46   7813   8119   1433   5688   8324   2614   7597   3436
   9860   7387   6949    141    129     95   3809   4368   1447   6713
   2854   5536   9065   8318   8630    416   3746   3882   1349    714
   3273   5222   8206   3131   1139   7597   3748   6345   2826   2141
   8587   6313   1352   4528   6124   2791   6479   9717    145   6910
   3030   7737   6574   5048   1391   6892   4025   5989    566   8178
   1676   7945   8437   9371   2376   5457   6892    896   1130   6255
   7533   3778   3231    280   8266   5197   8337   7209   2226    335
   3141   7032   8002   6977   7080   2141   4977   1976   8229   3474
   8098   7906   1314   2795   5584   2626   9400   1344   2122   5529
   8101   6697   6117   4743   3958   5097   4504   1268   9650   5624
   8753   5664   4762   5390    978   7288   1296   7685   3048   1662
   5277   3691   6904   6572   7939    705   4725   2325   5587   7158
    328   6135   4463   5044   4898   6699   9760   5835   4710   9328
   3455   1845    269   5168   7087   7264   7195   4437   9956   1404
   3174   1978   4990   1557     12   2256   8175   5880   7041   4298
   2103   4226   3843   3411   2079   4315   9361   9754    227   8022
   6682   5362   8715   8190   1428   1791    357   3791   5417   9121
    236   4468   6204    692   4573   1350   5694   1135   7521   7804
   2640   6107   9128   2993   8473   8597    342   3494   5150   5952
   6475   5056   8332   3881   8641   7843   9089   5385   4960   9564
   6607    169   9523   7966   2636   4593   3848   4114   5666   3175
   4301   6707   2275   4825   8053   8241   1678   1125   9545   8251
   2165   8244   8256   8175   3160   6430   1138   8626   2653   6857
   7731   6398   1834   9734   5373   9541    430   1165   7028   9552
   7980   8182   1015   1387    185   4822   1436   7654   9336   3391
   7620    333   4674   5793   2702   4965   9703    370   7593   2703
   3766   3262   8437   8779   5959   6001   8233   4892   9767   1109
   4988   4301    659    349   6022   5989    895   4329   1574   7753
   9734   5548   2689   2101   6184   8417   9747   1492   9002   3863
   7118   5104    452   5193   5836   9652   6880   6303   8211   9019
   8691   6798   8230   7292   7875   5758   7387   8621   7130   5177
   3669   2121   2962   7403   3227   1836   3971   5282   6607   2474
    787   3226   8610   7621   6359   4619   9244   2643   7898   4075
   3027   1263   6247   5824   5670   4145   9531   8948   5977   7851
    128   7070   9703   8061   3866   6668   5050   2095    979   7489
   9931   2925   8168   1238   8782   4173   4428   5524   7514   9363
   1467   7243    573   7999   2267   3110   4632   7070   3884   9276
   3376   5799   1036   7687   3224   8717   7253   3250    157   7758
   6370   1166   8097   9980   2666   4642   4343   7864   6762   3404
   8279   2079   6560   4171   8935   5955   7824   2826   5574   4309
   8320   5770   9560   3851   1562   2578   1684   3051   6638   6204
   2895   9795   3943   6095   9601   1969   5623   8433   8560   8964
   7832   8646   4093   5695   9531   1559   5252   4270   8663   4684
   2276   7745   5842   5505   5395   5466   2045   7723   9186   5015
   8409   8331   7982   2381   7617   5875   6829    819   5222   2441
   5647   3552   4973   6118   6180   9282    726   7230   3622    266
   9796     28   5169   3717   8045   4157   9634   7948   5083   6631
   6209   9523   4802   5007   6943   2570    617   7280   5429   1206
   1980   3673   7437   5167   4799   8116   2997   1167   5595   5454
   9187    867   2574   1234    633   2006   5457    576   3902   9723
   9703   4844   3472   7594   3861   1157   3722   9655   9560   8042
   1151   4059   5653   7806   1055   5560   2735   8779   4816   5646
   7916    815   9183   1404   1848   1480   1349   6443   3300   6188
   4274   4995   7985   1587   8539   6719   1378   5644   6626   2332
   1748   2204   9120   4198   6405   8012   6211   4764   8466   5548
   6797   3266   2740   3545   3323    567   9846   9334   4204   5273
   3527    522   9256   1822    635   7802   1823   3572   3495   8029
   3136   3458   6851   6032   1656   9173   5270   1853   9829   3941
   3437   4226   3900   7472   7278   4489   6400    656   7486    620
   9756   2632   6530   7882   8603   6492   4450   4997   9049   5106
   6016    595   7350   1547   5967   6762   2192   6411   7307   6588
   9784   5966    584   5772   5294     78   4120   9933    237   4490
   3974    852    322   3956    701   7490   9540   1332   9306   2576
   7820   8824    732   8571   7142   8271   4583    829   6166   8460
   2476    979   8563   9864   2960   4613   4859   9434   3958   4497
   9419   2925   6506   3373    135   4089   9003   9013   6494   1454
   7537   3889   6954   5108   9448    871   2377   6438   9729   9155
   1172   5982   2358   2322   5548   6661   7254   2921   1682   1595
   8565   3883   9548   7386   7691    721   5208   3565   6570   9983
   8220   8615   5998   5512   7839   8218   2447   1117   5992   7066
   1047   4036   4075    411   5105   4739   5531   7995    374   2679
   2977   6332   6441   7274   8205   5677   5218   7444   2605   1248
   1128   5942    533   4534   4201   2589   8572   3021   3058   8169
   7723    113    789   7810   4239   7021   2061   4790     42   6726
   2505   1122   5419   6651   4466   9590   7918   5445    257   4077
   7315    923   9128   8289   5918    790   7787   5312   7437   6715
   4005   7955   2796   3280   2993   6806   3707   5014   4697   6231
   4398   9226   1152    789   2568   2095   6979   2316   5020   7193
   2862    963   5392   4802    541   9054   9260   2942   1743   4633
   7096   3123   5703   2708   7990    230   5255   6569   2983   2751
   2150   5793   5472   1758   1652   8214   8117   8185   8261   6330
   4166   3952   5090     83   1013   9906   2504   5510   6782   8569
   3129   3292   9186   8811   2062   3093    589    564   3917   9703
   1121   3167   1210   1257   7790   5932   3915   5650   3076   2831
   2381   9081   5581   7315   7888   4648    311   1376   3729   9554
   1095   9026   5200   1381   4310   3370   2501   2999    469   6591
   5526   2904   7739   8013   9525   8454   8242   1932    912   2490
   8272   9378   8601   9014   9559   5896   1016   1938   9130   9705
   4609   8528   6299   5113   5724   5087   3016   1506   1972   6705
   1391    809   5376   2935   4591   5432   5995   4757   3884   6574
   4438   1821   3450   6624   9399   8566   7917    727   1995   5996
   4955   1202   1233   2944   9195   2223   6175   6298   5321   8800
    860   4474   8602   6999   1816   5981   8557   4789    704   7814
   8345   1283   9476   3519   6362   4969   7717   7035    559   7250
   5435   7819    610   7674   6180   5086   2129   1565   6722   3289
   2751    292   6632     19   2479   1521   4479   7006   9451   9577
   7809   8683   8673   3832   7926   7210   9039     33   9483    990
   4816   5331   8780    651   8467   8255   3733   4518   9849   8190
   1011   1200   8981   8534     46   4803   6885   6654   3529   4083
   8168   5998   8539    723   8689   2088   2000   1777   7714    837
   7960   8218   3566   6366    536   6435   5922   2058   9213   2373
   9031   3528   5715   1514   8256   4499   2594   2646   9914   6215
   9155   8483   8627   1707   6580   4465   7024   2086   7491   2639
   6762   9684   4448   1832   4551   1574   1739   7384   5027   6627
   8044   4140   6036   6292   4082   9737   4998   8951   4849    648
   8271   1138    505   1887   2157   9721   4632   2985   4774   2286
   3046   3433   1048   7118   3961   6367   4791   6887   9918   6101
    256    388   3121   6480   5754   2654   8980   1001   5426   8826
   3373   9841   3514   1002   4861   1951   6177   9340   1792     94
    480    584   2469   2874   2788    651   9359   5066   1465   3195
   7371   8677    410   5128   1902   9369    279   7948   8352   6017
   7226   2496   5941   8008   3539   5012   8351   5001   2722   2212
   3677   4281   4235   8568    369    754   4226   9663   3627   3911
   1043   2678   2430   2661   8148   5079   1307    196   9162   8654
   8100   7562   5953   9470   3181    622   3257   4189   2723   2897
   3866   3843   7045   4970   1194   3801   8757    141    587   5664
   9001   5233   5395   5756   7142   5411   4176   4449   6510   5264
   7415   3321   9448   7302   1579   6393   5916   5535   7915   8760
   7314   4874   4387   4995    329   6616   4721   6164    148   2948
   2006   2361   7428   4424    390   5200   8505   8848   7461   5785
   2857   7999   6665   5345   2166   8970   1778   5375   5775   9485
   9795   3663   9693   5710   3926   2202   1315   3026   3691   2236
   6859    135   7315   7951   9452   1465   6721   8191   5047    398
   2785   8883   1612   9310   4573   3620   7007   4995   4852   1736
   3595    413    717   3432   8398   6210   7473   9745   5425   8445
   3151     65   1571    521    489   9882    184   2395   3741   2395
   7451   1926   1641   8949   3072   3571   3228   5036   5600   4281
   8313   3064   5821   1661   3741   8861   4832   2104   1666   5504
   5384   9943   4338   1974   4587   7394   7911   9160   5855   1933
   5000   7374   3529   3283   3649   8462   9334   3098   5232   9092
   6384   1805    264   2428   6624   8782   1690    463   7779   7412
   5681   5105    982   1823   7546   6679   8680   3743   4591   1883
   4804   8115   3131   2109   2994    673   2900   8295   4365   5071
   7748   8535   7991    429   7527   7094   6944   2444   4874   4198
   3409    411   6934   6762   5979   1821   6496   2609   2227   2106
   9102   6650   9536   3920   5874   8368   8163   6461   1130   4121
   9544   3290   4743   1610   5530   1942   2324    881   6070   5021
   9866   4518   4221   7213   6112    768   3532   4666   8663   9521
   9922   7802   3284   1793   8548   1914   7260   4927   5535   3310
   8433   9411   8094   2365   4032   3995   7454   7090    950   4105
    726   4820   4319   1829   5566   9547   2776   4919   9828   3686
   6598   4432    211   8355   2204    629    232   2221   3102   1881
   5381   3422   9793   5880   4989   2508   2016   7115   8004   8567
   6324   3000   1378   5616    183   8275   4278    653   8714   6167
   8336   9768   3120     70   3954   3642   4183   3887   4958   1417
   7404   8392   4313   2109   9650   1531   2578   1002   8462   7706
   3339   1411   7217   2476   1870   1686   7701   7445   4882   9098
   4523   3470    175   7368   8510   9228   9315   4891   8431   5397
   8742   8422   4163   3717   5348   9630   7536   5636    610   4258
   4242   7426   2221   6865   2425   6766   4691   6059    472   7644
   9998   8585    773   2688   7182   8362   3734    578   7889   7575
   9580   9204   5082   8156   2164   9554   5698   4199    755   9747
   5717   8653   1765   5321   1972   9987   4791    835   3246   9006
   6531   2257   4148    907   9239    518   4787    304   6167   4596
   4378   5745   4065   5699   5212   6932   3081   9355    983   6419
   8044   7721   2638   6696   2546   5056   4746   7541   7512   9085
   4511   3937   6782   2092   2257   8127   3976   4730   9713   8340
    276   3068   6497   4495   9165   3411   1786   2457   2583   5798
   5076    139   8773   2340   3810    390   5384   3439   1735   5971
   2954   2753   7101   7250   5829   4823   8401   3114   8769   8177
     98   3117   9791   3942   7369   3878   3389   5588   4149   5051
   3656   4702   8468   2655   2050   2481   2875   4672   2747   5798
   4516    176   3747   2504   6057   1874   9582   2735   3999   7190
   7611   2210   8853   9681    594    841   8642   3031   4763   8756
   8096   9251   2434   3950   8588   8669   8184    605   5464   8560
    872   5292   1177   7095    574   1805   8800   3747    537    158
   4654   8300   6808   1843   3682   5545   6162   1595   8239    504
   2563   3987   6663   9787   4657   7779   3387   7840   3246   2880
   5988   1122   3385   8016   6414   6439   1217   9178   7304   6152
   8793   9787   2781   7808   5348   5004   4514   7648   2671   6681
   4612   1635   2261   4312   9641   2180   7803   5059   1061   9751
   8056    138   7530   4630   7562   4698   3814   3564   3143   5464
   9342   4917   4944   7606   9389   8889   7992   5129   7092     71
   7715   5682   7192   1616   5435   7512    457    311   5942   7114
   5694   4570   4001    450   8249   8322   4110   2355   1539   8984
   6769   5216   8549   4119   3438   6699   3225   6719   5547   5735
   7148     76   9195   3575   1773   4531   3972   7141   6449   3362
   5001   7456   2207    111   7978   3550   4560   9340   5917   8873
   4940   5292   3916   3618   1470   1010   7809   4410   3825    253
    514   3604   1221   5466   7834   1946   9994   9678   1882   3663
   8672   7641   3926   9468   1392   2428    485   2692   4548   6914
   6081   7060   8403   5449   4792   7022   2912   8348   1143   3647
    345   2642   7260   3430   8073   1863   4080    542    595   8593
   7687    161   3517   9859   5173   4421     91    229   9161   7286
   2864    587   3899   3681    383   3749   3322    598    889   2786
   7320   3869   7459   6906   5996    519   6252    714   8091   5830
    536   2531    234   6009   5931   8968   2170   3765   1963   4901
   3915   1395    579   4266   2727   8489    327   4979   2095   4846
   6185   6418   6993   3542   2799   6072   4999   2346   7486   6224
   9913   4143   3191   6412    333   8845   1311     13   9275   5938
   6545   5938   4315   1971   2349   8047   8455   5649   6701   2081
   6147   4481   5762   7049   5925   4951   8868   4320   6574   9748
   9904   6684   9582    752   9018   4291   2159   5013     57   3898
   4472   6441   5253    401   5407   6078   4313   7964   8278   8809
   1091   1439   8467   2007   1796   1622   5406   3648   8586   8930
   7104   4329   2917   3133   6343   8268   3293   1307   7812   5141
   2385   4926   9296   7665   8258   9360   8466   6843   7697   6092
   9006   5927   4972    907   3318   6244   4549   8868   6096   9666
   3717   4825   3979   7063   1343   5590   3615    984   8979   8715
   2723   7685   5237   2720   2579   7755    451   6797   7501   6783
   4238    230   3567   6213   9963   2304   4947   1893   6705   4616
   1870   2384   4849   1985    805   5780   3863    288   3577    111
   2423   5931   2624   4956   6339   9266   4023   6641   7726   1803
   2287   7230   7823   1792   6560   5181   1778   7144   9879    362
   5209   3153   7017   8716   4763   6548   6897   5943   7041    298
   7505   5468   2093   5643   1885   3428   2958   4526    574   3181
   8167   8492   5053    953   1109   3263    594   9233   9221   2669
   5168   6900   3486   4921   3515   4395   3349   3708   7134   7129
   3116   1842   3642    739   2239   8079   4488   1284   3054   5635
   5228   2632   7225   4985   5792   5031   1520   4949   6410   9923
   9549   3194   5985   1079   3831   6086   5319   5988   5404   5362
   1358   1229   7074   7730   9729   5155   8578   9892   6359   8662
   8039   7278   6539   8917   1465   4907   4394   7524   5899   4961
   8043   6679   4136   8598   3914   6225   5429   7032   1648   9153
   8401   8489   5201   9007   3775   5411   1005   9776   6749     78
   4014   2483   1030   8808   8474   6716    553   3139   4551   3807
    871   8489   1199   3451   9415   1298    917   9053   2545   7485
    470   1832   7314   4607   5722   2053   3347   8974   1260   2354
   9122   1095   1398   8211   9859   7798   7237    417   5150   8339
   6591   4608   5517   3479   7727   9573   7627   5091   8179   1918
   3089   7960   3619   6315   1563   6285   8970   4101   3454   6853
   4626   5693   5455   5381   4118   7778   3002   9829   3760   4495
   2537   2370   8408     61   6105   6105   4917    881   7588   4596
   8034   8422   6280   7776   7884   6766   3196   2585   9765   8878
   8771   3981   9918    954   9246   6040    278   7047   4433   9458
   8407   2342   5496   4838   8982   5944   1542   8473   7715   8206
   5776   4969   1266   7978   1760   5216   9308   5112   6682   8457
   7579   7781   6825   4392   6204   9686   2680   6102   7640      2
   2979   7364   7113   1238   9988   6205   5833   2282   4548   3448
   7840   2966   9009   6453   2750   5816   6217   8492   9283   2380
   3623   3575   5713   3045   9451    370   2514   1314   2522   9295
   3711   8227   8514   6635   4479   7891    842   1762   4480   6208
   8312   3299   3248   8541   9034   6554   8302    365   1977   8809
   6956   4173   7471   6128   3415    752   3788   7856   9857   3096
   8846   9385     69   5042   7901   6261   7285   3784   7251   9420
   6598   9854   5189   1814   3401    339   9778   7048   8774    308
   5753   6361   5580   7410   7425   6120   4952   8263   7810   5760
   8398   9694    478   5271   3286   3337   8291   4267   1240   4808
    521   2619    734   8265   2966   3879   6984   4802   2773   4937
    624   8456   3039   2111   7269   6455   6508   2563   1132   3633
   4893   8348   2742    496   1675   9902   9016   6972   9144   4949
   4460   3320   4785   4380   1663   8149   1591   3288   9164   6032
   7914   6661   1631   1121   9492   9341   8536   4184   8813   4328
   1439   7796   6079   2622   7646   7602   5025   7544   8503   8055
   5289   8855   2105   4978   4157   8071   8133   7681   2224   3267
   7542    342   5035   8351   1012   1118   5878   5727   3717   1938
   2017   7066   4945   7233   1882    359   8684   3153   8752   8601
   8246   1948   1293   5860   1415   3325   1834   7228   3987   4542
   5156   5227   3998   1019   1835   1981   4107   5215   2091   2015
   6528   2826   9056   4286   9198   8323   3377   7725   1739   3092
   9153    129   2598   4978    607   8313   2649   4905   6644   4159
   3436   3929   1640   9732   1046   2604   5788   7574   8860   7361
   4216   1230   2172   1260   9250   4491   2103   1096   2321   5390
    106   2909   2694   5486   7940   2552   9693   8878   3019   4215
   5797   3952   5534   9555   4589   4609   3505   5941   7158   4413
   8978   2618   8036    823   8073   6406   1244    907   1784   1580
   6319   3033   9362   6668   3818   1260   2446   5219   2685   5843
   8169   8190   1904   2518   8564   9367   5273   3697   6272   7945
   3891   6262   7286   6368   5056   7414   3584   6045   8561   8841
   8882   5062   5678   8030    352   6428   2917   3332   4256    394
     16   4639   1347   7843   4620   8442   3624   3675   4706   6979
   3230   2190   5469   1364   5259     50   8127   8167   8890   4356
    656   3549   3726   6930   5815   1196   9978   9696   7343   8626
   6254   5190   8091    573     95   7874   3399   3631    272   1238
   5212   1861   4341   4732    804   9048   1679    527   6957     70
   2828   2250   8651   9902    109   4938   7675    870     76   3037
   8425   9172   9319   3330   9764   5097   8062   4509   4862   9340
   6064   9272   9843   1081   2806   4421    836   1673   6959   6546
   1112    526   2548   6823   2408   2069   2364    631   8463   3565
   9900   2688   8348   5522   3191   4249   8503   3306   1673   3380
   7103   8347   4478   6175   9382   6513   4648   1611   4673     15
   7096   5168   9741   5354   9507   3936   7527   1312   6449    108
   6643   4534    368   1854   6712   7220   2645   7278    718   6037
   5066   7746   4879   4653   4630    305    298   9104   3617   7684
   4109    840   8040   3126   8298   4923   3568    970   7360   6402
    599   2866   8892   3318   1914   6585   9613   8961   1856   2271
   1773    543   6750    477   2806   7173   9896   9837   2942   8870
     93   8233   8510   4744   4441   7146   4061   4033   3422   5829
   4953   7975   7383   4731   3925   8138   9922   1999   9417   9563
   8750   8972   2814   2101   7671   2638   5774    465   9401   6104
    200   2107   2152    730   5492   7762   4058   2875   7577   4676
   4117   8771   2643   3911   7425   4127   3527   1093    560   5002
   9711   4535    202   4418   1790   4185   2591   2181   6289   5752
   7332   4299   8965    754   7471   1659   6647   1164   8646   3267
   6645   7224   8246   6810    532   4422   6116   9823   6273   2197
   7380   3681   2024   1461   6718   3822    545   4839   2879   5053
   6948   4765   8284   7124   7903   2127     46   2340   2791   5505
   6322   7730   3560   9817   5817   4620   6268   9246   5142   8300
   2641   3653   4124   9469   7663    563    558   6837    341   2678
   1531   1094   6676   6525   8344   4789    629   5560   6666   2108
   5283   6061   2485   5423   5402   1429   3044   8011   5869   5612
   2268   5245    206   6708   5614   2870   1889   4914   9672   6290
   7631   1692   8594   5003   4177   9038   3220     26    987   6245
   6638   7017   7935   2492   9075   1453   9739   3636   9313    747
   3694   6163    678   6668   9667   9239   9647   4551   1118   7416
   6662   1719   9340   9920   4581     20   5729   1841   5840   9465
   5854   4401   5498    665   3409   4634   5538   1405   5969   7152
   4649   1838   1360   3990    242   4148   3617   2765   2201   6335
   8727   1090   6713   4880   9973   5340   9028   5591   9620    794
   3089   5287   4773   6893   4555   8939   1789   8305   1286   5107
   5241   4395   3203   6686   3740   3428   9926   8113   4040   6515
   3101   2300   2879   8794   2648   2714   8741   7711   5466   4585
   1247   6401   9857   9039   2371   2100   9195   8989   5729   1462
   3544   8722    766   2644   7309   1367   2813   7410   1621   5764
   7250   9848   7670   5533    278   1515    530   8552   8517    309
   1538   5573   4360   8033   7042   6756   2863    380    400     20
    949   3527   9864   4495   5116   3741   4905   9677    182   6909
   5615   7592   9710   7549    944   7658   3039   3415   6626   1853
   5882   1776   5013   9902   7146   6423   2623   8909   6317   9887
   4970   3061   5950   7682   5506   5144   4754   3305    106   1748
   2190   9583   4330   5893   1280   8733   1511   2433   3570   1286
   9613    922   5085   7354   2813   5434   7115   4159   7690   8469
   8034   1659   5868   3072   6512   7398    164   4851   4720   6552
   1961   1244   2127   9954    350   7122    365   2803   1101   5792
    471   7588   1537   9425   3109   3417   8067   3982   4489   7619
   8791   4330   2839   2189   3855   6845   7335   7508   3317   1217
   3702   6726   6306   6713   3446   9864   8481   5736   5484   2744
   4877   6285   9798   7898   7177   4302   3378   6617   7024   2825
   5986   4809   7816   4989   7238   3139   3986   7495   4266   3196
   8909   2226   5034   8054     25   4709   1655   8365   1598   5047
   2404   8070   3220   1958   5254   2450   9523   3786   4250   3177
   9754   3599   5523   1981   8706   3849   4404   8019   7654   6831
   9949   1440   9665   5262   3895   6054   9993   8114   2472   2908
   8924    575   1365   6191   8975   9729   4810   6826   3648   2602
   6162   4379   5454   4178   1634   8814    692   9021   8033   9172
   7845   7982   1642   2451   1816   5810   8853   6040   8621   9919
   6566   4210   8121   7816   4112   7088   9356   9117   2535   4155
   2500   3091   3029   4857   2108   5339   2328   8143    441      6
   6944    654   1573   6993    928   3577   7372   5114   3285   2144
   9379   2717   7400   7666   5049   7251   3618   1673   8559     31
   9503   2721     45   6670   4407   3344   2270   7767   1396    572
   9159   5706   8044    399   1302   3080    793   5857   5734    111
   7971   6115   6772   4711   5650   6854   3666     45   6266    856
   9778   5431   4663   3491   8392   2738   7157   5221   2705    166
   8489   1037    177    396   8958   4556   8792   5198    422   8790
   4418   7065   9901   5061   5801   3036   8827   1505   8864   3130
   9885   7727   3195   5973   4779   3129   6523   7983    521   9100
   9126   2957   8001   7039   5156   1529   5354   2186   5344   6268
   6844   4609    721    150    161   2626   2702    422    132   6486
   4180   2332   5264   4702   9691   7921   5346   8442   9836   8398
   2799   9886   8411   2594   6448   9380   6618   9165   5277   4770
   3891   1045   7406   1324   5652   6814   7460   1775   9917   1254
   9334   3160    857   4364   2504    588   1042   9886   1157   7888
   9705   2694   4600   5946   9131   5629   6573   7744   6427    990
   8748   8695   3818   1648   7580   2613   4059   8677   1323   3110
   5510   7316   1825   7010   3880   2115   2936   6306   2161    753
   6247   3516   7541    577   5783   4834   3740    803    465   6121
   5839   2030    128   2549   5046   3063   2180   3834   3863   9204
   1407   1615   7825    838   8675   2389   2019    908   4299   6868
   6159   3759    842    972   5180   6611   8459   5727   5915   9808
   2548   4148   2090   2633   4159   8445   9512   4730   8251   7029
   7297   4249   5417   5270   2001   4558    623   7204   5346   5443
   2554   8819   2469   2854   8756   1014   4528     17   3693    993
   5381   1343   3181   7223   2811   9060    611   8696   1415   7345
   6121   5716    701    467     59   5258   3301   8596   1491   2642
   9421   1900   6386   1871   8338   2040   8634   5931   2459   8461
   6348   9699   2055   7553   7376   2026   1216   1760   8859   7574
   4347    499   9959   7606   8965   4988   9994   8545   2811   3265
   9766   8072   7966   7040   7347   4916   3914   3820   9301   1145
   4457   5137   1542   7620   2426   2129   8872    814   7545   5248
   1633   5756   6121   7115   8147   1345   6953   8242   9855   8890
   1540   1334   6963   6254   1698   5645   6335   7810   5942   3805
   7956   1197   8772    406   4509   6579   6844   4530   7749   1626
   9692   9339   3954   1455   8903   2903   7343   3267   3991   9606
   5332   2379   8455   6761   4133   9541   3566   4957   2558   3878
   6125   7585   3995   9344   7733   4565   5728   5535    619   6358
   8140   5178   5336   5661   8592     50   4935   4245   6850   3430
    587   6206   4138    820    102   9194   9408   2653   9072   3194
   5175   9749    197   2684    974   6806   5899   8928   4782   8363
   6022    703   5249   4507   8012   5003    948   8247   2330   2631
    928    647   9297   9299   3421   6496    987   3352   1544   8601
   4568    918   7911   6441   6394   5441   6315   7178   7466   9028
   9425    772    203   9454   8283    788   4186   2049   2025   6239
   2714   7522   9825   4648   1488    633   6014   8519   2372   6276
   5051   1683    143   9621   2686   6190   6739   5061   1735    506
   8419   6145   1284   6004   1911   5113   6366   6077   3676    422
   5022   5471   4252   4236   7173   9896    338   4811   5231   3634
   9760   2112   1845    470   3073   2606    963   7917   5623   5754
   7804    448   3194   1519   5751   3352   7293   2201   7199   6993
   2174   5633   7413   5413   8624   1793   6602   4954   7132   6885
   7425   2360   4036   8438   4989   5770   6943    486    952   4221
   1205   7631   4429   6848   2915   8317   3212   2854   1847   2612
   6615   4801   3441   3089   2404   5434   8624   8936    545   8754
   9572   7032   3656   7441   6545   3283   5844   9100   5566   2137
   6697   6996    952   6194   2865   9308   7639   1046   1855   3823
    933   6888   9802   8520   4096    828   3787   5688   2877   9112
   3515   8751   1276    452   3312   1861   5752   9452   3265   8782
   4604   9720   9932   9323   9982   9561    486   7754   5438   1117
   5993   7464   6455   2600   7667   7615   9678   2070   6512   7844
   3270   1460    173   2812   5378    114   1568   3916    996   4861
   6760   3889   5960   3375   4827   1246   1985   8986   7085   5584
   2810   2522   6547   9656   2091   2825   9041   1369   3288   4075
   4827   9002   4822   5006   9505   9823   8835   4220   5142   4961
   3582   9604   5373   7406   4043   1065   1819   2885   7669   9251
   3944   8736   3588   4181   1209   8327   3614   3382   9098   2592
   1837   9415   4037   2865   1362   7300   8475    373   6063   1263
    808   9018   1306   3781   6285   1479   2161   9619   5941   7209
   4221   4443   8082   5253   4372   1306   3604   5739   6760   6942
   3620   9592   6968   3611   3008   6177   3642   1995   8122   6135
   8538   3467   8528   7655   2962   3135   3955   2884    833   3077
   7891   4886   7543   5702   6693   7081   5846   5593   7454   2209
   7524   3283   3146   2482   2002   6699    291   7685   8587   3019
   8614   6681   3234   4658   7358   8810   8892   4873   5746   3253
   2502   7471   9091   9858   1823    168   7779   8141   5383    203
   4927   6310   5248   4848   4549   6166   6199   5418   9908   1338
    404    313    945   5561   9098   4438   2793   6717   4674   7130
   2840   6348   8174   1347   8416   4864   5058   6073   7287   4122
   9698   5135   3716   1268   8717   8957   7244   9753   3990   2477
   5003    365   8076   3213    227   4823   1863   3616   4797   7861
    344   1771   1375   9014   4686   7963   7149   8234   6077   8539
   2458   8540   6205   2148   6730   8332   8147   7474   3657   6890
   3094   2205   6399   5673   3715   7485   4045   9883   5820   9615
   3051   3288   8017   5013   8795   1347   3904   9560   3462   1153
   1768   3093   2737   8953   7012   5319   4692   1103   7077   6219
   2744    929   6025   7525   2706   2449    957   4768   4512   5993
   5516   7381   8683   4352   7133   7730   1012   7861   5660   4896
   2015   7776   4212   1969   2669   1513   5860   5905   3493   7893
   6417   6081   7773   5209   6818   5399     74   4744   1562   2492
   8534   6069   2315   9180   3737   8987   7579   3052   8436   9973
   7418   4090   5674   5802   3284   9732   6027   9919   2954   6509
   7050   9738   9479   3889   1905   3989   2717   6762   8238   7272
   1563   6208   4434    692   6136   5167   7124   6682    450   2580
   3328   2148   8695   5173    771   8334    739   8003   5650   3227
   9571   1125   9678   7021   4987   6543   6444   3740   5267   3338
   1476   3030   3511   3473   6230   3143   6816   8654   9890   2953
   7194   6226   5011   7763   2216   4259   8718   9349   2919   1085
   8697   2787   5319   2411   3448    136   8349   7003   8989   3510
   5360    535   9511    777   5620   6405   5336   3442   3230   4239
   4878   1452   2210   1172   7411    739    891   2675     97   7295
   3385   3287   6029   3304   5657   6922   4486   4550   6789   1967
   6909   1982   9764   7217   7583   5189   1759   2694   4669   5835
   1023   1149   1470   5573   1175   7111   1867   6371   4127   7724
   5087   8623   6247   1407   6498   6188   1075   5989   6421   3635
    595   5117   1214   9362    528   5237   5383   3195   1499   7885
   7517   3201   2856   8419   9463   6109   6496   4283   8028   6354
    534   8311   4797   6799   2066   8382   7454   7024   7534   9306
   1699   7403   1898   5684   5768   3369   9617   8486   6733   3493
   8360   6110   8308   6999    365   2639    692   3156   3813   4624
   6348   5090   9388   9956   6346   3893   4470   6791   1745   5335
   3321   4165     30   2758   8546   1051   7968   2128    594    643
   4468   3827   5513   3167   6566   8873   6023   2781    794   2477
   1876   8367   8665   3349   7485   5758   9843   7658   8772   4100
   2504   2134   9818    556   6299    154   8117   3592   5262    106
   2359   4013   6564   7783   8089   1720   2751   9388   9395   6584
   6627   9290   9818   1612   5638   7980   2084   1991   2806   3784
   9772   8255    777   5592   6531   4521    862   3856   2839   6825
   6807   4685   9441   4989   5383   9844   9227   8853   7803    506
   4799   1872   7007   7022   5713   9904   4920   5280   6079   4395
   4943   4201   1002   5028   3523    257   7449   2686   1951   7605
   7243   6346   3639   9940   2764   2683   6575   5788   1202   9413
   1986   9940    768   6826    668   8217   3026   8052    372   1438
   8262   2785   1400   7399   2636   5198   1855   6475   1650   2377
    984   1211    979   1611   3964   4742   6949   4172   4772    779
   3957   4351   9497   2427   4092   8869   9636   6757   1518   6446
   9916   1386   6804   2666     35   2142   9277   3992   3330   8169
   7839   8691   3653   4643   8015   6732   9058   8620   8623   4518
   1602   5452   9740    121   9739   2854   4574   4587   6666   7485
   6046   4693   7602   2119   7332   7260   9813   1103   3241   5615
   9736   2854   5287   8790   8150   2053   1017   8458   1128   7722
   2321   9712   3084   1286   7287   3585   4927   6821   9119   4087
   7066   3973   4561   8598   6400   3364   6320   2881   4823   9476
    861   4284   8423   2659   6037   2571   7597   8527   8428   6835
   6008   8531   8975   3327   3584   7626   7365   5372   9594    989
   1788   2155   8774   3695   1345   9703   8364     39   8558   3120
   3068   8267   1154   4015   8036    249   1934   2661   2204   9369
    910   9876   8339   4834   9359   2414   2315   9587   1533   2922
   7468    823    585   3341   2076   7672   5264   1348    283   6314
   9937   9551   2980   6721   8570   8590   8893   1513   2415   2936
   3033   4278   1061   9357   1578   5620   1177    282   4253   6023
   2265   9895   7126   8153   9648   5928   1297   7530   5356   2023
   1938    961   8495   4930   8945   2102   7526   4515   9846   7895
   6042   5286    250   1384   9820   1675   5226   9908   1104    610
   5743   7861   9456   6853   2373   9798   4509   9334   9249   7520
   5101   7342   6698   8966   2928   1310   7717   8599   8445   5173
   4519   9169   5463   1741   7655   9348   3008    333   5831   4077
    998   1596   1358    699   3032   5642   8734   8645    641   4058
   3145   8713   6682   5641   5789   1869   6697   6482   3272   4101
    819   3789    885     89   5028   6422   8599   7237   1935   8260
   2600   4027   6962   1449   2787   5148   8778   7202   7902   1571
   2441   8728   9076   4482   4445   7428   9079   9587   4867   6359
   6786    327   7780   4424   4955   4825   1845   9190    777   1886
   3586   8577   4126   7209   5740    242   8476   5635   9204   7257
   5070   6142   3414   5532   4241    242   6248     68   3785   4149
   2355   8826   8229   5006   1375   3876   3569   6873   2141   4371
   1900   5183   2796   5191   6573   5804   9724   3612   6879   4859
    274   9097   2129   8905   8351   4823   7223    815   6104   9464
   6517   1749    668   9369   3585   1667    410   2675   3454   6222
   6822   6421   2667    944   1892   5011   1949   1340   1960   4415
    450   4599   9509   4816   5908   4541   6732   1779   2346   9387
   6297   3822   3766   1944   5549   3932   1590   1959   9518   5921
   5131   7763    262    178   1115    629   2843   3667   4110   2057
